190 295 209 179 735 360 907 94 269 454 332 633 898 105 194 241 943 268 175 977 216 513 462 571 949 366 826 234 385 418 416 299 550 928 91 912 10 59 856 364 321 687 430 805 286 49 345 594 716 996 554 44 992 952 602 836 446 701 924 945 714 300 862 473 60 755 704 349 344 553 96 472 611 729 860 267 597 739 397 1 140 728 980 792 863 346 562 803 999 870 744 879 183 253 697 175 586 656 219 849 
751 105 979 475 628 489 674 243 101 5 727 288 811 912 96 468 539 991 337 384 529 50 640 32 544 247 116 721 104 163 813 574 995 15 995 156 43 988 162 315 964 150 831 990 263 656 737 848 85 96 467 515 967 781 337 761 366 153 408 862 644 903 688 661 777 431 34 175 970 450 733 787 914 930 375 805 606 39 462 544 522 460 793 611 76 378 324 857 367 441 86 270 197 17 713 527 355 112 145 498 
871 0 375 508 965 914 403 593 945 383 433 368 587 718 362 299 924 761 836 387 797 864 14 580 84 53 90 500 178 719 716 616 423 376 323 136 536 885 3 381 101 645 343 973 984 322 160 626 249 945 622 14 49 673 479 334 288 381 221 692 483 14 560 947 16 5 650 491 696 1000 603 435 839 518 385 720 699 720 257 555 625 847 565 364 245 709 769 496 753 130 511 852 466 388 182 305 237 379 363 124 
235 406 920 835 787 449 816 766 701 185 949 194 885 161 591 425 668 171 498 832 67 984 303 564 864 973 694 597 479 945 553 645 544 536 674 538 288 216 708 589 998 171 395 342 285 705 492 625 335 922 122 810 275 171 45 405 203 474 340 591 419 579 835 257 870 119 138 543 373 943 159 532 604 340 835 695 829 338 489 234 852 302 9 157 574 989 281 880 734 772 980 671 396 873 334 995 805 399 86 819 
212 956 314 38 132 922 606 891 904 478 888 410 719 262 652 653 476 943 177 392 960 882 91 788 407 210 937 411 290 455 65 930 814 452 368 801 302 813 962 699 734 248 341 737 207 39 600 510 332 518 3 872 626 568 746 990 341 241 850 789 175 352 856 72 581 579 296 363 63 528 732 825 636 678 346 24 914 731 389 967 42 427 506 160 714 553 720 1 736 233 232 518 258 743 49 514 688 715 312 865 
430 364 827 567 631 51 178 163 560 502 371 462 158 304 327 297 920 662 780 26 653 488 422 98 9 222 658 926 209 918 159 748 852 304 691 561 275 934 449 931 529 905 707 624 992 215 977 617 596 779 717 681 44 103 995 283 268 365 809 732 738 113 196 892 387 577 886 779 885 908 91 776 700 567 492 669 768 954 920 310 934 4 891 144 657 866 388 484 156 764 94 572 140 972 891 943 375 6 890 886 
299 967 204 179 694 526 310 31 530 402 838 675 231 465 142 752 866 817 134 673 908 426 982 489 782 8 556 747 992 510 17 520 404 212 156 370 526 647 256 669 667 452 699 437 234 548 898 448 48 222 554 437 585 53 906 84 976 120 433 3 792 933 571 765 315 760 990 118 454 841 499 562 673 995 623 14 934 924 147 233 942 795 825 39 285 574 506 342 112 712 772 761 877 158 5 888 592 363 710 966 
440 426 298 181 770 33 438 983 960 106 873 175 769 304 517 710 122 215 165 112 246 428 512 989 158 514 656 525 187 493 325 876 815 175 164 469 973 416 229 410 161 927 433 356 127 364 746 135 387 448 952 243 56 843 836 638 987 803 842 444 606 10 264 408 626 500 109 969 969 328 266 728 695 768 84 912 648 876 664 684 530 787 239 834 821 856 744 806 414 261 51 575 683 678 381 623 926 366 57 481 
811 862 371 680 10 406 323 466 577 632 939 278 782 625 14 760 678 594 302 345 961 657 806 96 629 258 605 89 237 711 548 346 314 769 442 361 597 1 236 338 901 998 253 473 841 319 604 291 495 754 763 408 153 825 266 574 391 368 451 808 979 602 616 655 469 789 190 523 502 258 670 654 303 988 948 852 36 819 298 941 90 964 604 27 35 7 802 864 346 955 573 469 468 84 164 12 936 823 797 461 
384 246 190 183 770 147 996 817 760 205 265 686 198 200 636 525 714 745 378 239 809 826 676 485 415 429 407 603 271 655 368 863 354 750 2 826 285 575 880 705 805 416 949 838 537 236 952 802 979 257 393 918 107 289 125 452 428 739 148 529 482 904 293 231 259 339 224 790 261 552 898 242 356 592 647 922 537 957 586 968 445 676 263 896 463 201 529 258 755 64 256 4 454 169 679 981 543 779 772 210 
436 307 116 327 970 384 176 885 923 228 461 795 104 490 262 658 557 845 872 169 377 232 383 102 723 281 96 466 637 802 857 471 484 694 254 60 319 403 363 771 981 194 915 738 467 317 507 21 657 792 340 567 234 643 982 791 460 320 234 187 843 916 259 763 793 984 79 374 397 516 28 702 769 732 345 19 987 525 417 25 15 458 894 994 479 223 910 447 976 469 991 478 44 673 961 434 86 84 20 47 
170 25 342 226 662 920 800 552 665 15 868 813 114 922 191 486 820 666 303 870 782 289 355 551 1000 653 548 88 672 388 773 377 461 692 215 606 360 472 704 462 250 325 462 716 979 988 644 85 114 472 70 891 239 45 480 148 270 8 902 223 605 393 987 651 715 607 786 194 461 882 794 667 512 493 417 883 987 990 465 337 311 822 962 263 949 120 435 435 363 13 684 445 91 989 137 229 44 447 126 155 
746 891 101 372 699 96 264 541 800 225 188 800 746 563 438 717 620 165 870 125 335 611 263 634 514 873 338 321 819 267 56 164 515 189 849 467 99 688 56 35 812 562 538 535 320 569 687 819 138 972 773 781 578 200 306 365 243 533 956 246 111 727 390 700 394 973 59 264 813 753 394 178 194 284 482 714 524 358 995 578 50 826 180 13 1000 131 196 800 525 509 31 374 108 108 697 622 856 191 948 848 
922 377 812 790 136 43 21 958 69 954 60 898 237 696 85 404 188 468 294 126 589 71 211 206 154 276 389 903 640 825 516 289 30 657 180 470 665 3 685 805 178 399 847 188 772 948 108 563 815 757 206 518 361 435 801 60 942 704 963 643 903 172 558 119 177 67 838 23 280 768 646 914 427 414 707 392 997 341 385 869 771 767 140 137 299 43 592 577 906 453 383 308 629 811 969 783 266 667 503 215 
968 530 730 315 50 712 221 494 129 660 889 684 267 600 219 993 1 292 644 162 731 384 993 137 239 924 117 965 97 286 95 839 820 42 849 365 136 804 266 892 207 200 378 33 818 526 762 358 105 46 311 970 591 116 688 183 522 710 890 516 756 991 98 437 600 304 613 432 583 947 358 16 491 604 308 520 209 481 277 77 502 766 923 49 487 623 653 548 688 669 664 494 922 957 213 673 817 476 445 385 
320 809 466 196 950 30 428 26 225 258 874 598 947 605 560 388 105 338 604 545 384 474 328 195 758 927 898 331 638 250 243 306 939 635 743 935 167 401 597 941 259 255 251 397 591 924 232 940 86 801 816 89 718 402 354 714 454 660 582 392 44 248 499 245 281 177 954 839 955 658 450 24 146 445 720 992 357 777 355 531 296 164 799 184 936 608 47 832 978 135 387 153 388 415 319 246 705 238 535 193 
587 289 58 371 87 594 622 303 220 859 799 316 577 403 88 54 447 162 747 82 539 89 111 36 266 566 215 544 628 940 686 344 74 90 856 257 125 340 501 300 106 611 724 888 36 907 334 604 386 18 973 346 650 317 854 949 522 961 211 603 897 230 433 545 900 357 665 362 39 489 147 1 397 591 220 528 652 55 617 935 735 422 837 95 231 766 233 97 618 632 672 601 177 312 593 494 75 357 675 836 
561 688 483 859 458 64 187 719 406 83 28 659 575 585 222 529 614 29 553 46 913 590 608 180 125 922 950 479 249 122 635 720 330 265 436 711 84 766 86 925 645 183 754 213 952 291 21 732 791 201 447 170 729 995 757 426 646 269 952 758 857 649 862 540 324 570 591 0 984 967 286 969 458 700 814 326 398 588 469 392 716 989 259 682 737 529 660 123 950 285 420 595 34 580 780 205 893 272 321 134 
789 917 691 995 670 99 748 654 707 724 310 948 277 328 174 469 415 899 166 604 306 371 486 672 566 179 140 989 351 438 772 455 21 282 623 331 153 918 742 249 949 303 275 823 373 65 593 795 141 161 273 757 676 467 644 345 807 500 673 281 253 471 758 584 629 87 127 598 734 662 688 587 334 67 993 776 593 893 869 937 434 307 412 294 88 307 992 611 950 672 712 43 127 349 596 49 262 937 797 501 
404 597 253 870 284 139 742 843 382 450 177 291 29 900 947 738 549 138 37 362 803 528 585 555 158 476 528 355 803 102 190 369 915 579 328 799 133 780 844 949 675 860 478 189 704 233 214 244 96 872 466 653 964 702 886 182 99 9 317 633 371 380 994 865 795 416 576 542 189 218 666 56 327 126 480 208 182 287 689 941 988 640 3 987 31 628 912 346 801 831 764 401 497 446 524 571 508 156 452 664 
65 174 625 393 53 962 679 971 516 941 402 177 944 310 390 648 908 261 438 588 414 10 995 622 558 557 729 462 373 535 429 730 414 38 560 428 191 480 971 453 472 370 547 38 348 910 459 133 49 391 740 864 877 635 126 563 87 587 308 747 792 606 863 743 278 724 203 703 824 489 339 204 703 296 562 832 501 48 265 519 937 227 826 284 578 516 196 141 131 847 630 238 335 238 35 0 109 659 19 350 
373 233 479 116 490 576 798 398 791 784 925 976 345 179 177 990 514 668 449 993 440 467 625 241 48 937 156 131 65 327 744 974 546 60 785 558 440 703 200 390 460 904 928 341 78 778 427 946 574 5 51 463 886 19 250 577 8 796 297 354 236 537 518 152 470 117 402 649 759 462 846 888 924 185 894 604 237 640 800 590 319 58 122 120 990 242 332 720 332 890 847 62 339 405 626 479 273 16 800 484 
327 86 395 166 835 690 430 603 282 539 337 933 666 971 264 496 337 464 520 284 295 629 726 652 778 558 384 75 872 465 787 615 774 836 493 42 223 131 44 84 612 582 240 725 120 622 249 129 877 932 63 213 345 762 216 135 275 673 4 238 867 126 358 453 75 947 264 670 979 418 337 347 900 1000 656 586 615 646 279 826 661 801 632 679 844 563 277 280 442 30 224 620 62 24 225 974 402 631 803 487 
241 543 503 626 884 748 855 840 449 524 3 190 532 105 40 546 408 469 182 32 907 121 871 824 183 253 635 644 496 846 218 528 207 460 142 532 646 989 340 356 782 393 87 262 425 132 110 864 393 379 768 928 566 538 203 968 793 83 180 509 660 823 487 13 672 935 240 888 555 451 350 848 168 541 940 228 455 382 996 985 173 210 979 797 959 582 662 955 211 289 730 724 129 660 434 18 84 970 508 585 
683 258 833 318 194 242 208 444 300 795 529 108 785 398 547 525 53 685 654 715 613 145 773 672 116 66 726 902 577 49 444 574 280 100 0 498 384 937 628 477 328 819 175 253 228 261 192 796 612 648 949 564 62 368 107 649 202 740 503 622 44 337 424 975 589 779 361 763 830 634 500 287 716 608 416 579 447 693 426 232 372 962 334 737 593 134 618 586 496 562 702 630 270 549 94 423 36 618 769 576 
51 438 753 509 180 460 91 682 574 324 992 296 123 209 55 580 121 241 144 342 561 361 211 450 890 254 384 94 344 187 295 675 585 451 513 17 649 740 484 508 612 161 156 843 319 526 378 976 572 434 4 131 523 351 221 985 907 306 392 479 814 809 572 488 75 715 192 412 771 985 859 123 299 393 397 213 165 554 785 499 766 351 627 766 710 685 116 321 495 719 471 991 192 75 2 11 955 33 147 740 
848 290 388 632 320 858 816 35 806 153 199 393 822 965 943 641 320 812 305 486 236 784 882 581 693 232 619 254 850 998 900 503 768 548 956 122 867 445 719 957 436 267 683 898 347 355 623 992 443 245 229 780 494 291 780 569 741 806 5 400 889 80 144 941 268 178 313 560 725 327 603 987 739 339 987 64 669 593 800 344 954 56 729 757 966 91 871 728 790 126 637 724 645 155 170 376 527 144 972 700 
164 38 331 671 301 252 834 212 577 626 302 497 710 641 201 37 170 341 466 611 608 63 139 47 80 564 225 879 407 63 643 788 441 855 577 966 967 40 971 475 444 166 186 286 244 893 543 24 626 517 367 704 644 921 680 179 141 645 847 567 976 669 325 265 450 620 164 277 849 777 264 920 73 219 893 965 130 993 52 325 37 666 954 962 432 618 629 130 718 404 963 860 349 686 973 554 285 395 582 346 
126 809 764 87 253 314 294 995 232 931 57 29 316 340 484 589 716 980 40 296 646 535 80 590 400 61 194 49 252 18 574 108 597 210 730 955 279 624 882 726 420 164 611 832 401 762 94 45 287 207 580 933 269 397 93 112 442 134 904 42 519 515 800 824 811 623 45 301 313 899 886 706 237 890 698 133 280 662 790 269 65 921 470 928 783 448 646 638 310 720 2 206 671 888 256 719 80 91 719 127 
21 872 808 707 131 923 661 960 441 478 337 438 56 30 4 107 760 435 163 838 581 310 411 127 933 265 756 372 88 754 602 825 763 145 350 172 887 801 716 457 692 360 91 354 197 613 375 458 959 926 220 830 49 799 960 43 941 401 285 706 778 356 909 706 216 856 914 190 370 22 76 325 685 966 940 28 142 692 615 945 688 728 32 127 261 839 439 762 895 168 6 7 578 168 341 183 532 735 282 154 
65 424 374 466 60 241 285 580 393 940 981 995 140 974 462 754 485 415 489 993 157 461 572 986 723 69 709 0 147 710 349 444 497 900 519 366 747 48 674 906 872 659 781 314 677 541 332 422 863 414 417 822 484 196 592 506 842 606 111 868 234 786 285 654 430 149 795 139 270 565 666 609 299 889 46 365 661 77 34 200 874 783 794 257 260 815 64 918 204 712 534 594 677 700 920 864 210 30 697 657 
191 737 270 430 134 584 875 259 208 6 782 535 865 530 406 749 406 288 35 693 725 732 859 499 459 756 690 140 120 787 91 958 812 661 292 936 314 7 821 716 522 141 927 594 29 193 493 391 805 77 853 672 410 363 843 478 259 27 542 227 775 687 622 941 244 86 849 484 544 609 844 669 986 882 344 670 924 493 237 188 758 873 995 275 150 596 193 607 271 861 279 177 128 197 840 399 134 324 167 275 
514 810 323 164 792 150 275 671 123 985 503 811 866 838 635 238 364 74 493 690 80 42 245 765 59 25 178 591 390 585 311 863 204 12 0 888 484 354 78 95 581 243 179 980 4 474 700 411 121 705 48 476 636 379 382 138 121 678 710 935 525 816 532 670 138 846 870 606 532 505 843 814 994 416 118 462 55 543 725 679 158 77 499 503 290 226 941 575 106 954 965 335 252 146 143 599 642 923 904 35 
647 850 931 159 343 16 814 173 80 506 299 563 568 609 814 516 973 793 710 217 974 732 3 388 418 337 307 546 142 716 607 366 336 125 55 356 966 124 194 57 825 289 256 58 198 625 197 961 120 831 993 566 133 801 434 670 299 342 365 615 724 575 220 333 845 941 987 802 276 621 846 307 572 232 204 225 51 186 235 806 653 390 706 710 78 117 891 929 886 798 810 558 64 703 289 390 694 431 815 568 
294 441 220 626 658 646 885 863 109 299 374 459 203 490 369 625 760 317 667 814 13 258 393 825 554 294 115 458 595 621 931 302 76 770 895 271 833 883 349 33 824 240 286 441 976 476 850 152 429 905 878 916 700 717 655 694 160 672 774 563 650 9 495 137 484 125 698 242 494 822 915 369 10 288 258 692 416 737 949 6 405 534 317 25 686 462 187 490 689 988 963 851 130 24 946 425 162 334 42 286 
478 967 425 792 99 576 471 548 615 135 228 482 679 336 534 18 165 217 628 92 913 18 448 31 977 530 633 86 126 286 184 404 413 618 557 687 443 493 968 260 715 278 748 329 481 614 269 445 205 148 423 266 430 955 585 755 346 816 619 353 912 203 450 956 157 624 346 425 387 908 214 325 127 840 937 205 137 620 756 908 14 65 198 46 53 987 96 715 338 142 403 556 204 568 266 806 540 585 16 705 
447 322 21 234 524 27 772 107 521 540 462 944 169 501 946 533 497 752 722 242 47 292 658 705 229 222 602 892 274 34 948 433 139 549 834 372 14 45 704 736 870 146 797 604 17 470 109 756 173 210 793 282 316 131 822 219 967 52 758 314 618 259 525 921 436 410 580 682 392 905 854 610 233 244 618 480 836 488 494 444 844 945 58 432 165 27 679 139 426 468 524 589 847 475 50 906 861 437 168 99 
152 924 468 386 162 176 599 947 208 380 146 827 991 564 181 839 131 923 808 90 177 948 848 176 576 18 147 325 404 627 404 821 325 93 753 226 228 45 584 657 428 735 67 828 964 7 551 153 54 271 136 733 518 54 220 705 285 380 842 94 96 233 191 535 211 152 639 885 450 224 397 400 115 840 496 723 225 856 958 338 716 357 586 245 11 445 560 436 172 76 912 94 203 511 114 217 567 361 195 152 
171 153 158 601 555 766 468 308 823 389 149 204 335 365 522 57 235 724 323 454 270 859 500 544 887 487 413 508 241 54 499 257 578 117 561 506 341 210 335 489 740 973 99 315 334 250 123 843 886 279 387 92 695 747 800 479 392 681 948 604 879 315 19 64 242 721 105 8 755 802 619 550 612 325 770 843 563 197 518 966 25 877 12 620 393 946 973 596 140 844 379 354 766 480 187 107 523 678 518 760 
60 103 5 100 189 960 132 319 873 149 43 413 37 561 595 754 936 970 882 775 678 676 942 792 649 990 646 804 367 81 925 733 713 588 916 563 800 672 77 41 603 350 635 919 196 226 43 22 47 709 238 474 635 495 25 135 29 119 955 683 362 360 930 157 33 140 830 603 886 54 513 167 912 426 996 357 10 21 393 159 380 770 305 395 65 566 691 615 472 62 879 641 672 180 661 909 570 199 156 52 
751 963 433 209 496 180 658 631 21 282 836 765 54 799 659 859 477 707 189 942 809 216 910 882 879 664 897 782 179 938 231 426 664 10 549 718 191 99 679 854 895 507 163 253 207 945 810 442 763 915 883 137 193 536 334 789 155 229 274 438 354 825 826 204 529 252 677 302 992 519 932 535 435 844 284 409 2 745 799 906 659 898 965 217 9 873 937 346 876 955 271 208 59 503 347 276 446 711 852 771 
422 322 528 632 131 604 457 879 431 752 902 115 919 936 392 490 544 389 400 864 498 73 614 352 449 788 937 832 261 91 122 870 570 468 160 632 513 324 586 39 737 166 811 673 852 575 304 718 682 185 652 997 248 589 720 758 380 103 909 876 967 583 319 74 143 284 581 245 612 616 781 529 21 788 882 64 797 290 405 511 464 763 753 870 553 108 167 570 387 336 702 689 296 753 764 691 782 650 969 962 
768 559 167 358 830 240 781 314 69 876 680 243 621 338 675 733 25 659 586 25 960 176 905 132 137 680 507 623 69 362 788 743 310 903 300 136 828 538 482 912 855 22 67 21 735 440 416 717 201 693 132 703 570 687 644 142 83 262 876 693 736 715 259 703 473 962 1000 601 753 432 981 112 519 353 554 313 661 558 650 429 170 669 527 416 872 681 205 967 242 402 919 692 682 768 874 538 591 188 852 895 
193 108 264 854 734 383 274 147 939 978 438 853 592 50 873 902 147 973 302 344 683 570 431 996 277 79 124 250 176 374 554 170 41 229 591 712 197 605 318 612 199 743 71 151 367 273 363 32 439 97 614 170 187 807 978 923 567 726 541 590 418 716 87 54 679 182 659 221 700 300 579 186 522 501 272 284 614 436 682 42 402 837 624 583 0 513 709 454 725 615 434 930 524 433 544 6 881 397 38 329 
28 515 348 65 726 955 142 666 956 785 875 634 980 129 628 886 285 188 698 587 107 822 396 838 249 634 17 309 743 466 490 530 905 22 304 71 619 93 699 809 662 977 110 901 181 348 216 654 436 124 414 852 221 34 990 666 10 163 909 634 613 118 418 166 436 806 413 539 894 647 831 137 673 90 233 7 710 700 627 268 262 791 895 768 604 90 158 198 960 186 304 295 633 567 718 84 352 503 310 431 
657 911 415 615 902 225 579 837 167 239 571 441 338 281 209 37 528 855 598 826 948 978 622 954 775 517 177 400 884 641 216 53 98 216 609 336 481 798 892 465 720 391 551 229 33 335 829 415 623 110 187 413 386 737 139 607 912 200 516 106 365 546 590 303 448 669 805 729 66 13 977 9 845 541 184 294 649 597 177 446 580 65 481 779 619 405 736 713 138 410 411 715 728 812 623 207 644 826 103 838 
489 611 861 61 444 836 368 500 379 308 505 678 949 143 838 1000 594 634 975 81 918 31 434 261 658 757 611 115 432 107 211 662 500 386 480 336 753 455 246 846 590 252 585 904 631 311 82 619 802 194 261 918 965 988 293 159 660 216 198 184 582 438 884 291 474 340 269 508 212 300 257 515 632 936 328 749 525 832 617 385 926 526 905 17 300 8 382 361 200 601 928 472 123 208 166 359 894 984 689 103 
558 569 213 534 784 582 959 91 651 728 132 40 282 402 557 983 546 582 538 366 494 450 740 818 155 372 497 565 292 259 386 257 233 414 214 666 848 203 306 527 82 185 417 407 258 11 720 923 253 202 91 752 829 18 392 41 772 634 424 215 819 622 138 19 320 819 139 625 294 590 397 194 330 154 727 649 233 591 965 631 834 157 747 770 790 723 78 116 835 816 566 47 128 878 423 649 77 767 587 710 
858 797 347 931 433 570 781 224 686 745 568 619 929 992 955 644 716 81 464 174 44 9 91 391 172 955 956 45 654 71 936 79 881 433 661 523 731 543 915 959 517 83 218 879 864 16 954 340 668 494 831 750 720 598 502 123 784 423 181 122 183 368 704 374 39 251 946 590 923 747 90 543 736 146 338 860 667 783 505 967 226 441 257 762 414 754 54 244 634 443 275 279 536 468 175 891 350 871 763 749 
672 566 2 636 829 333 935 253 301 781 233 313 341 980 852 199 851 596 708 574 161 660 110 292 934 358 45 584 513 950 407 37 611 907 248 176 126 454 414 627 401 703 600 880 903 355 536 714 413 454 680 673 318 210 839 38 654 384 953 828 244 433 566 538 265 902 681 830 482 803 12 646 620 625 351 933 544 592 393 364 347 55 383 71 215 704 342 676 711 13 970 954 115 67 352 899 664 312 57 367 
423 281 651 30 942 112 60 100 692 145 590 928 82 279 940 478 351 177 972 422 371 254 899 177 699 587 668 752 534 557 572 662 551 236 181 218 868 488 236 239 195 892 677 949 65 626 642 525 96 451 703 458 41 975 417 767 991 592 472 739 502 973 216 101 552 924 674 506 48 54 408 598 702 339 92 988 734 507 22 593 986 87 728 916 20 240 873 525 400 53 730 4 289 282 511 705 209 759 359 449 
358 928 450 390 235 526 685 863 708 698 823 282 180 421 638 277 316 307 8 115 7 13 227 857 989 397 279 688 586 89 818 97 506 210 986 373 567 901 179 549 25 114 670 996 494 774 353 277 726 466 131 549 807 341 188 256 866 98 531 824 786 423 532 719 496 277 839 750 527 274 239 718 676 638 300 705 792 574 455 169 549 404 687 373 68 470 420 790 378 582 860 486 224 354 240 156 171 885 223 568 
454 297 52 756 219 254 259 930 743 850 245 676 912 99 38 96 998 732 17 593 845 35 842 132 375 218 484 755 464 879 676 532 907 179 209 227 98 92 429 497 898 859 138 15 710 659 324 176 681 224 836 634 982 498 504 59 27 686 864 28 741 85 264 957 63 519 893 115 882 990 323 74 256 295 595 96 263 721 233 624 318 792 608 407 700 317 360 818 891 732 499 369 939 63 679 888 324 366 515 581 
108 999 920 241 255 12 956 730 700 453 553 267 581 985 610 222 287 451 747 852 24 338 699 114 519 503 506 622 283 827 102 380 598 894 229 941 934 427 93 64 120 252 915 436 573 404 349 710 897 839 236 729 819 282 570 366 839 759 65 723 685 192 181 578 87 317 633 486 968 252 706 747 95 196 914 391 724 433 34 45 423 599 315 311 752 893 138 887 46 455 316 791 753 244 30 148 570 691 328 210 
226 839 689 974 120 621 64 631 503 25 305 915 899 262 802 419 483 4 175 103 15 861 788 76 597 599 892 884 92 246 668 134 89 508 522 629 518 607 565 593 750 377 647 157 420 510 225 157 77 169 325 214 354 221 794 290 937 278 857 512 64 308 250 190 175 274 30 99 757 527 830 508 622 997 606 282 275 906 461 798 817 453 536 122 491 821 381 101 5 416 702 780 595 427 838 0 630 802 793 543 
294 631 393 554 780 739 831 869 177 574 148 758 849 412 18 838 348 809 578 258 745 599 642 295 134 498 201 563 321 174 615 737 383 26 342 348 824 543 799 850 837 34 913 794 500 248 683 412 603 740 237 647 39 634 56 909 409 526 227 389 90 159 914 285 335 650 797 34 284 53 559 863 884 418 866 80 787 357 553 990 591 353 844 684 97 848 6 434 220 438 751 478 542 801 851 267 266 239 530 615 
95 660 873 470 909 170 460 679 864 178 991 460 142 560 492 167 544 631 732 710 318 549 588 267 519 465 114 656 977 587 600 391 312 987 34 664 249 470 718 407 367 407 407 918 900 737 786 389 308 435 225 155 281 343 561 515 168 996 349 193 203 724 635 24 636 59 809 293 925 624 786 245 531 643 348 438 60 587 692 474 649 600 215 199 737 928 555 896 174 433 14 694 57 567 212 403 185 586 45 249 
154 506 688 610 386 171 879 997 269 492 487 864 642 58 739 688 139 41 68 967 591 523 526 63 751 314 704 130 316 987 341 198 397 233 134 108 293 37 401 680 402 500 821 408 864 292 59 59 679 41 937 197 204 351 52 69 127 755 953 506 651 444 931 656 447 13 568 716 429 135 126 726 799 986 991 595 164 802 437 722 47 450 397 801 572 986 919 198 934 161 437 740 689 99 276 163 317 966 430 190 
488 596 660 459 21 852 605 991 755 677 410 46 413 118 620 590 412 426 392 619 286 554 554 462 435 678 689 659 546 19 3 178 867 737 421 494 836 320 641 222 104 924 403 864 25 142 664 103 943 653 3 394 159 772 92 26 273 558 722 365 802 308 996 283 463 176 623 344 453 412 318 707 446 867 340 104 270 884 665 52 514 144 194 254 199 965 3 377 701 222 648 606 5 554 437 482 942 455 917 460 
695 868 321 462 270 315 656 60 272 785 891 41 259 69 275 896 268 625 415 458 277 335 365 429 81 193 672 206 436 605 821 404 663 674 943 673 567 180 324 976 242 730 481 257 294 247 298 434 84 994 938 190 332 108 981 520 386 390 607 943 233 540 293 650 319 828 976 78 788 483 211 26 506 426 514 198 68 250 445 437 554 369 858 555 714 696 714 955 712 736 637 634 63 612 224 497 83 172 650 702 
165 992 618 974 575 611 267 812 316 165 184 794 203 21 756 475 926 681 166 982 558 724 271 401 709 270 212 911 747 479 515 919 498 988 293 959 548 690 248 562 611 111 357 553 964 535 658 212 4 119 411 681 2 469 255 384 83 437 1 562 735 164 237 279 779 317 231 467 967 992 855 81 363 976 743 649 827 931 110 924 759 610 198 844 164 551 274 286 716 492 671 646 613 668 31 702 292 190 302 274 
670 75 792 306 844 196 572 888 881 575 831 188 169 555 624 277 717 787 218 940 498 533 215 770 35 119 545 971 195 679 372 538 862 738 258 112 727 64 537 307 639 206 856 897 695 807 657 727 589 661 765 802 613 458 607 347 467 315 424 228 928 552 334 444 790 661 338 577 206 372 941 520 968 419 305 137 856 999 196 291 19 145 275 856 782 87 383 256 939 23 925 280 796 23 196 583 952 651 408 245 
635 871 693 585 882 70 446 501 846 956 983 630 552 525 919 113 851 238 805 318 811 12 231 414 285 660 734 565 982 500 800 864 489 871 879 955 445 247 160 798 594 976 510 775 983 410 655 971 630 658 838 769 245 936 83 60 603 787 854 647 933 367 346 519 126 297 570 474 758 791 473 70 777 720 424 925 524 580 4 623 401 728 46 862 608 328 877 122 975 442 57 95 149 501 894 928 894 302 460 510 
481 48 127 148 466 108 960 756 691 753 70 547 806 641 196 94 938 661 427 953 821 163 170 155 881 683 124 587 636 52 963 454 21 186 916 883 891 64 0 630 791 780 155 492 157 89 461 822 791 559 588 846 25 358 216 102 950 820 713 684 960 665 746 57 253 241 237 349 752 388 268 208 900 413 778 223 697 125 740 232 9 712 462 522 931 664 967 481 877 956 113 140 174 915 921 779 969 828 470 49 
137 600 1 410 415 469 861 661 621 977 140 185 248 339 517 2 385 952 462 880 825 306 626 176 709 802 665 747 659 581 64 862 111 309 596 725 295 327 669 43 95 334 981 491 760 419 450 509 483 132 22 519 142 389 718 679 130 159 385 901 691 77 648 98 935 491 54 245 201 695 757 526 448 72 85 764 980 57 947 284 842 323 43 614 326 17 865 43 980 708 883 272 680 485 960 687 959 238 580 103 
958 316 307 313 280 700 211 181 625 410 664 969 974 909 836 948 927 369 443 79 965 862 855 958 431 664 737 320 912 170 403 162 358 973 458 310 529 745 852 792 613 342 588 364 89 8 191 307 429 175 781 912 42 370 465 185 467 832 928 780 370 698 79 482 644 504 865 668 935 475 459 970 603 642 264 809 719 788 78 379 442 109 273 648 130 241 989 339 848 761 876 723 273 310 769 764 130 158 776 799 
391 491 602 286 399 49 887 48 269 824 362 815 429 410 603 872 713 96 541 311 620 999 405 179 811 27 98 264 192 402 121 436 248 332 606 563 680 717 31 930 308 836 380 526 996 523 260 707 905 408 716 740 700 815 436 455 841 559 889 610 319 272 349 82 780 798 306 7 489 346 461 112 829 111 480 632 758 998 178 310 620 865 735 628 512 112 254 992 230 796 274 756 511 464 960 272 539 768 9 322 
212 225 9 684 913 704 101 270 639 994 670 938 609 223 694 77 412 274 95 532 428 15 231 114 647 934 149 751 796 418 295 876 440 810 977 400 411 706 941 851 553 795 319 334 884 920 385 287 755 154 63 384 18 645 105 790 825 785 968 225 860 200 580 717 46 613 567 221 650 485 558 27 102 709 774 898 472 459 850 458 425 777 9 153 559 37 1000 60 998 770 713 856 49 692 83 539 445 873 313 45 
914 673 779 976 2 514 259 107 309 402 820 518 730 344 653 46 464 735 477 306 817 593 945 882 253 763 355 977 4 990 466 872 527 652 319 675 680 724 218 809 232 707 492 904 841 709 627 19 687 559 693 117 747 165 590 830 206 796 79 842 57 644 382 527 879 836 900 754 933 950 78 280 673 598 399 227 210 145 656 927 63 905 970 879 269 349 581 41 244 273 202 805 392 13 579 696 519 522 161 674 
999 774 149 574 505 653 845 657 51 877 76 514 697 32 140 52 661 525 665 306 528 187 354 923 248 302 667 270 309 156 391 954 322 661 961 287 471 578 836 409 277 824 73 892 465 87 25 364 957 367 72 792 202 407 486 34 194 60 707 102 11 382 575 1 783 364 360 724 421 811 236 93 809 219 813 446 628 853 785 997 838 89 904 265 288 98 45 728 0 995 545 586 574 672 132 133 116 812 657 480 
389 76 213 169 492 549 213 330 97 69 259 102 259 853 87 562 599 131 201 293 118 637 922 421 340 603 572 767 717 894 131 125 440 523 281 903 178 126 719 415 263 207 477 364 959 917 281 732 781 998 287 430 153 122 673 212 466 584 516 62 766 27 787 316 269 594 126 988 584 362 789 570 392 653 119 430 147 514 375 862 399 659 190 951 177 188 194 946 445 161 377 335 892 758 812 608 864 186 826 623 
27 684 311 300 231 833 885 322 957 566 947 54 40 129 359 461 668 583 151 355 694 490 794 970 890 211 362 736 44 510 900 70 279 504 993 690 905 947 206 389 715 721 306 752 927 763 567 425 535 776 102 608 732 160 389 339 806 266 942 710 332 740 305 947 211 452 121 482 934 44 83 468 977 992 888 606 343 424 44 127 587 615 454 786 193 828 714 480 539 637 810 669 916 630 623 265 798 392 606 407 
739 228 999 917 281 511 246 148 831 526 205 569 84 367 596 80 623 845 896 521 112 183 452 139 193 845 951 791 760 685 75 415 197 286 195 73 517 683 56 219 583 958 226 671 98 361 716 427 665 590 736 942 471 954 526 751 490 981 930 962 168 505 846 673 903 152 644 822 588 325 490 56 875 296 55 373 463 127 965 284 280 487 136 390 967 914 433 445 274 703 346 914 453 411 51 160 883 478 247 54 
589 969 710 134 419 564 837 111 975 34 514 531 941 349 610 792 388 908 990 945 624 264 971 969 525 869 65 502 470 765 513 873 453 423 992 99 960 501 214 737 129 869 759 588 275 163 53 161 146 621 937 143 579 694 560 120 428 154 944 849 725 61 247 309 141 801 912 632 848 666 754 20 149 421 117 177 135 679 313 794 5 468 200 561 176 387 144 868 380 637 282 408 963 155 343 888 997 668 702 690 
403 374 608 927 843 722 415 48 128 452 344 227 323 554 619 8 848 336 433 497 435 196 64 861 133 672 874 313 813 909 815 759 504 68 101 931 746 47 22 798 45 244 395 52 547 929 61 942 395 533 265 237 974 59 452 555 845 844 889 170 628 529 129 455 247 381 644 676 535 625 866 438 14 510 917 610 620 854 524 787 16 86 89 668 924 430 456 264 445 360 491 336 571 271 788 820 376 17 176 402 
687 901 65 752 639 852 825 454 26 31 468 870 685 51 37 412 615 731 157 157 8 501 977 881 162 906 243 73 158 529 458 927 749 225 438 166 578 959 562 529 143 434 480 681 390 118 386 891 539 849 203 156 242 516 811 838 553 460 88 513 101 261 937 460 965 290 369 910 537 40 800 478 808 222 341 740 400 178 233 385 631 16 704 321 866 566 97 650 518 23 283 951 383 241 39 218 13 833 138 210 
709 338 656 391 230 655 811 789 428 46 824 199 217 112 737 687 397 757 242 573 945 356 321 780 938 284 220 939 351 120 900 751 941 678 520 116 102 263 860 173 609 641 290 489 363 919 306 564 374 368 485 321 148 291 464 491 694 243 306 646 124 61 409 796 845 196 990 838 406 774 302 172 924 351 266 680 292 421 107 320 194 239 239 778 61 932 193 78 973 850 912 918 327 428 586 830 793 817 129 487 
320 38 587 527 660 898 450 619 907 232 793 387 123 246 75 985 104 512 306 604 950 587 682 889 551 644 429 384 182 25 834 106 66 110 798 5 368 6 253 898 120 867 693 343 315 352 762 891 975 379 410 474 692 390 954 155 270 269 78 346 471 249 893 629 554 311 381 374 262 400 539 850 943 571 514 0 221 234 541 136 291 786 646 508 70 930 259 868 504 557 325 486 356 263 33 585 112 472 213 121 
436 805 129 887 336 516 775 307 478 10 941 493 953 921 986 974 480 143 97 848 859 976 882 755 800 436 586 967 563 963 185 545 634 541 386 298 894 860 393 936 854 305 571 101 63 15 286 465 767 859 282 739 805 479 504 236 586 300 169 113 634 530 421 112 802 816 640 178 394 606 601 779 384 25 671 902 720 698 718 505 301 55 466 208 487 990 770 807 292 124 616 616 448 769 189 443 200 192 210 622 
428 796 163 498 434 867 612 583 201 461 29 230 665 701 13 169 548 260 883 833 53 239 807 713 294 256 330 835 315 855 635 420 156 779 691 513 891 950 730 179 314 933 357 201 452 669 882 409 906 190 930 16 932 318 422 52 240 211 631 8 449 774 371 795 761 854 132 338 885 493 347 773 316 52 705 820 993 874 927 280 668 303 261 261 503 264 292 392 699 668 911 980 773 885 225 584 286 722 70 147 
913 933 283 980 338 4 950 914 67 495 282 880 81 668 799 207 286 512 465 135 852 771 641 14 690 253 54 486 835 197 933 238 487 961 890 876 909 358 917 998 451 804 168 98 81 310 365 345 225 721 506 467 926 694 880 130 498 859 924 75 314 394 384 138 859 507 197 909 982 797 297 645 506 452 834 434 894 891 642 496 252 999 555 505 586 446 569 221 370 928 436 170 121 429 450 406 518 866 256 389 
195 266 405 415 376 522 305 385 745 378 32 287 946 604 156 196 132 73 203 249 346 525 827 387 607 332 78 629 404 137 264 18 200 621 451 691 908 188 308 5 300 422 555 267 82 515 598 65 751 421 170 823 384 199 29 161 212 212 181 573 123 408 761 896 478 371 398 966 692 557 539 616 468 391 11 32 856 844 120 970 659 748 3 720 809 935 195 99 965 808 396 632 623 311 46 402 430 442 171 897 
173 476 799 711 4 156 885 375 882 334 360 961 455 215 673 499 866 634 845 56 624 164 350 891 670 249 609 716 192 719 680 864 326 497 807 134 306 56 819 269 581 197 859 194 940 347 825 951 887 809 263 64 949 534 918 449 384 710 732 403 9 300 411 88 465 897 672 407 490 846 540 978 91 164 94 913 953 592 896 503 17 581 176 721 431 191 44 713 702 673 945 829 838 78 825 443 247 383 75 230 
201 218 798 573 709 153 340 92 438 204 638 624 477 227 601 286 372 280 184 306 661 613 849 600 309 695 622 549 947 289 783 798 381 958 925 837 854 229 534 618 221 293 726 257 298 105 239 449 75 33 674 641 242 503 231 848 212 296 910 908 795 5 290 842 527 94 628 244 372 494 738 272 784 726 462 826 928 915 452 161 35 885 980 906 84 99 809 604 957 605 304 125 382 905 101 442 368 897 367 599 
238 968 684 368 959 394 177 630 349 819 392 941 489 221 415 436 745 153 311 658 463 846 764 371 157 740 826 882 312 470 159 564 284 770 655 849 652 76 612 865 141 946 837 485 738 738 532 997 599 621 685 875 595 764 956 676 481 436 939 174 561 139 908 422 452 516 180 7 759 637 716 981 205 723 873 984 621 281 958 442 684 204 124 891 667 447 391 512 644 512 301 48 130 113 939 857 310 780 544 979 
452 618 529 849 348 167 80 581 514 309 113 271 120 367 194 287 400 220 838 886 44 825 28 901 333 375 775 641 704 384 962 921 920 887 494 804 441 783 110 192 374 938 434 164 940 153 159 239 82 595 77 607 708 529 592 411 573 892 294 250 857 489 376 564 839 901 371 557 226 970 441 622 153 120 48 601 965 440 821 23 801 431 728 890 917 185 108 63 852 786 124 579 938 187 358 35 776 80 333 15 
685 529 160 772 745 827 305 955 136 486 291 797 16 296 876 278 841 810 403 900 640 956 197 808 771 568 541 434 209 349 408 424 202 155 740 986 578 571 249 181 518 862 965 956 799 682 712 854 486 673 542 301 196 434 882 296 856 764 713 374 191 639 38 736 953 717 252 660 697 566 154 771 290 885 814 98 608 178 689 634 557 363 779 23 934 993 746 877 195 687 82 224 262 665 325 409 399 978 190 648 
87 154 147 518 928 424 127 510 982 364 390 672 179 840 367 17 371 655 95 962 160 745 346 216 467 842 575 9 913 100 460 461 685 912 427 624 637 444 257 739 37 40 383 21 125 33 557 220 110 999 199 324 784 9 195 18 549 438 45 141 378 38 264 217 390 460 750 293 528 492 516 899 825 136 880 841 924 808 795 857 879 597 76 683 424 930 26 348 834 62 402 648 137 237 340 663 285 771 184 604 
747 303 936 534 712 339 372 989 192 354 469 305 225 615 737 240 212 246 406 804 432 318 855 979 239 263 821 279 336 860 496 799 976 410 468 660 441 46 501 234 888 640 221 278 234 344 584 853 472 146 194 647 213 537 46 167 699 68 587 897 950 289 963 478 348 723 920 635 709 339 614 751 603 45 44 310 453 485 793 88 906 320 299 164 254 97 943 182 140 709 523 212 137 415 150 870 355 511 753 665 
225 844 26 445 76 410 674 609 373 337 90 769 325 868 196 745 562 256 573 993 233 583 490 235 373 637 536 590 963 760 926 602 790 682 218 121 49 971 501 88 811 485 37 816 328 432 807 970 22 37 284 393 279 887 749 708 219 430 364 735 287 877 93 589 766 879 240 732 908 180 897 751 137 821 318 930 385 35 192 512 323 527 955 222 741 914 454 998 881 258 447 627 829 368 72 630 432 570 526 479 
503 874 764 42 548 219 37 749 69 546 303 849 285 384 698 368 555 282 28 358 201 193 448 566 769 947 953 778 234 103 228 648 252 915 603 407 396 959 272 77 260 989 793 547 713 144 785 956 244 185 461 754 506 885 88 270 683 507 731 465 973 201 652 354 793 506 523 270 730 420 773 549 416 64 999 62 298 235 520 244 77 172 959 981 124 602 540 489 587 538 64 422 862 914 425 736 64 757 806 704 
489 655 541 820 465 535 780 329 888 333 892 72 83 560 748 500 395 308 274 978 42 730 928 389 987 761 182 709 749 842 800 601 160 616 920 277 343 864 613 539 582 423 41 933 424 675 59 834 244 603 305 32 441 690 256 299 539 277 104 645 999 114 514 409 777 796 564 739 373 66 123 846 683 624 302 555 176 462 435 343 410 496 769 639 829 334 789 870 685 934 281 833 607 782 590 636 310 136 380 948 
786 362 553 297 872 545 170 656 81 2 361 261 120 497 351 480 434 449 171 866 556 313 535 169 522 686 484 822 278 781 313 76 128 723 509 685 741 626 947 553 33 348 920 972 384 782 815 783 60 93 759 821 900 19 51 402 688 486 573 920 118 103 60 679 62 888 411 936 996 639 170 15 291 679 193 816 694 792 993 85 280 981 871 22 995 497 819 43 963 952 178 579 668 476 221 891 377 236 183 273 
728 954 227 394 841 485 686 344 971 698 926 73 914 74 258 707 626 269 890 369 7 537 533 677 290 976 780 978 364 286 902 597 27 830 428 777 709 409 521 137 599 137 566 220 478 691 70 990 754 281 420 786 120 421 598 818 53 204 283 40 653 880 82 487 601 184 910 635 422 814 588 690 474 1 292 934 273 177 114 242 524 888 631 322 381 376 361 409 908 343 408 853 641 680 353 930 833 489 866 527 
196 296 190 1 366 144 790 307 883 575 223 379 152 899 597 87 234 958 677 247 410 243 77 546 269 979 617 921 346 721 110 123 668 859 4 880 809 985 163 466 235 953 657 319 302 834 595 376 213 605 865 6 708 614 0 242 999 135 268 530 857 191 623 384 543 367 991 515 139 630 918 295 112 590 505 329 400 687 394 718 899 96 326 848 851 37 274 786 238 934 246 779 319 217 438 731 214 951 893 160 
778 776 56 538 141 520 15 655 779 969 244 978 17 460 489 466 915 674 924 752 245 492 826 4 349 155 829 8 705 586 168 75 143 113 244 337 761 14 315 556 878 752 4 428 282 594 853 584 116 677 917 982 383 159 955 156 925 374 580 751 390 886 216 346 244 998 218 927 282 209 810 73 75 3 692 477 238 236 913 905 544 100 380 641 68 429 346 777 493 399 762 641 355 525 140 658 709 628 805 298 
826 862 702 681 742 837 150 155 530 70 17 473 531 192 598 880 235 130 41 294 411 114 467 718 176 471 21 154 219 802 415 476 334 994 314 289 847 294 127 490 177 50 575 905 83 189 366 136 990 885 376 351 345 267 485 266 779 235 242 273 155 637 386 629 853 630 386 971 17 635 763 408 527 350 733 430 318 823 341 681 684 572 225 247 120 697 725 252 11 634 179 580 634 183 588 607 124 154 8 851 
921 288 980 437 186 431 56 902 967 542 942 670 668 397 599 109 103 556 291 585 54 456 539 416 691 366 204 31 507 659 703 661 32 868 856 646 90 424 566 495 488 400 730 367 762 783 46 267 597 836 676 938 759 921 541 933 386 330 717 998 32 374 158 59 412 514 562 368 195 448 489 193 635 228 305 741 480 941 920 872 138 959 3 447 614 63 416 823 609 699 630 71 478 13 896 442 891 132 61 897 
984 714 989 233 248 718 948 787 994 836 81 817 351 503 986 797 479 90 623 217 315 445 788 548 219 378 164 663 12 987 482 350 46 60 822 236 395 455 293 59 941 429 448 699 261 37 606 525 874 792 493 182 17 335 169 222 466 251 522 884 654 846 459 852 728 807 796 785 791 711 44 504 621 862 978 537 516 384 913 837 224 610 249 239 921 145 843 62 396 386 956 387 642 413 35 175 662 557 487 750 
781 700 423 228 258 464 421 742 82 834 99 922 26 570 716 556 926 907 249 624 721 462 960 136 85 281 393 115 664 949 145 664 312 9 40 675 284 264 939 71 801 606 204 352 254 473 117 747 95 718 892 622 921 690 464 48 827 187 891 241 155 310 553 893 508 635 50 603 997 649 120 285 603 661 233 706 799 759 529 298 885 704 177 886 755 127 326 131 811 542 881 678 943 17 955 889 536 553 9 603 
