341 280 989 577 444 595 127 74 748 29 306 628 735 124 421 815 105 258 958 870 87 891 683 777 528 204 788 385 350 942 996 682 490 670 603 269 123 732 494 939 870 823 709 21 265 225 754 392 118 25 551 494 882 265 503 504 459 129 185 692 776 777 246 669 407 221 521 758 234 430 474 890 516 455 135 596 702 106 956 988 146 272 342 952 363 440 907 99 599 352 344 881 123 384 147 535 875 689 29 4 
661 952 416 2 932 260 674 977 539 717 884 30 821 124 955 661 862 615 547 717 764 316 900 713 156 286 493 771 930 669 437 975 574 779 23 512 213 20 782 169 238 671 959 288 659 214 121 903 455 531 165 499 340 31 785 842 19 106 374 913 550 494 290 769 963 728 108 637 252 405 539 522 31 793 905 643 832 636 994 578 956 924 985 875 58 782 313 82 396 636 30 482 169 326 260 764 968 76 912 605 
664 121 81 968 318 34 553 964 470 525 460 980 50 463 248 320 607 705 395 70 245 686 3 366 123 818 727 273 683 578 817 718 335 661 780 550 878 371 203 848 242 619 197 254 627 155 668 705 636 670 318 271 59 523 546 506 532 78 765 230 261 850 991 789 585 47 740 814 221 53 676 708 774 936 909 955 983 617 621 215 536 557 78 627 762 760 826 187 961 830 557 314 835 774 912 404 666 517 616 841 
169 661 854 536 851 897 657 647 21 956 634 5 795 963 27 553 984 281 924 691 899 469 322 369 42 522 128 342 444 420 744 441 829 14 488 229 629 446 857 266 778 503 265 191 354 977 98 977 384 213 804 434 51 270 807 494 809 675 573 638 712 674 708 856 443 279 12 886 575 770 875 859 664 681 54 639 258 915 517 210 596 296 334 439 749 135 385 941 415 720 16 734 739 682 557 634 495 325 391 511 
171 663 190 958 684 939 193 146 178 905 33 308 181 463 487 510 830 122 274 418 539 451 261 37 55 491 309 491 895 881 209 705 321 400 892 793 420 109 366 839 357 684 958 32 837 396 370 520 418 164 939 370 494 738 775 979 726 608 629 995 403 196 938 543 634 512 906 999 788 433 384 179 590 17 545 912 106 275 617 450 380 214 128 850 230 444 892 283 850 622 349 121 699 153 191 617 919 806 863 36 
604 870 809 507 752 122 858 716 646 759 817 376 806 435 526 852 412 868 858 953 922 612 44 484 173 633 466 285 499 392 365 291 767 568 493 502 309 532 292 722 912 58 151 895 895 353 535 860 327 988 614 529 921 801 795 781 230 748 290 618 46 572 651 830 752 80 578 867 656 122 505 799 516 324 424 159 291 143 244 326 825 397 617 741 559 80 775 312 748 650 20 436 849 931 613 138 438 729 76 834 
438 114 553 977 138 299 62 923 888 274 900 299 972 298 798 947 766 632 644 408 130 14 880 232 925 561 714 254 154 366 852 582 375 616 991 333 243 240 877 192 892 397 422 362 587 367 481 815 884 201 654 788 981 266 900 740 968 938 122 101 442 8 485 41 641 538 810 441 572 398 343 58 175 10 534 674 901 926 995 195 65 519 344 19 187 626 755 753 46 317 957 682 693 498 625 49 611 486 168 213 
748 250 781 320 426 442 61 670 393 752 669 113 424 805 193 134 308 56 510 880 609 491 868 871 979 920 426 130 346 788 517 396 370 490 205 887 206 116 700 16 252 814 385 613 456 230 688 448 406 393 845 39 815 915 298 962 484 307 269 145 954 121 998 322 157 651 165 593 215 466 106 517 91 65 498 130 409 760 976 396 893 792 483 704 271 754 929 87 593 828 649 580 625 184 862 773 616 533 350 628 
414 625 34 282 28 704 308 756 365 945 990 520 853 249 757 661 325 26 571 197 435 937 603 819 805 792 958 480 111 938 775 170 597 855 61 399 912 103 297 334 977 485 753 505 712 468 915 36 302 612 372 436 486 86 105 822 888 64 771 138 518 263 176 134 610 546 633 543 113 726 631 726 799 428 309 410 838 995 55 599 41 837 495 787 466 383 577 723 638 753 335 904 199 265 982 94 855 836 324 664 
758 955 100 387 472 516 878 158 134 425 873 498 759 458 567 708 585 796 909 409 977 583 536 556 194 143 100 308 623 288 954 651 715 783 508 136 487 458 765 663 893 464 152 267 671 86 190 829 36 973 202 123 61 202 46 304 641 952 980 333 652 371 713 397 385 435 18 893 540 815 704 847 969 685 966 28 98 864 453 533 258 867 418 744 697 606 612 851 978 317 963 786 73 347 778 150 879 425 819 242 
802 354 131 118 976 842 271 26 4 229 50 496 187 222 651 624 906 485 627 667 366 704 445 179 373 263 431 783 349 487 255 890 668 270 357 270 629 724 203 351 568 148 222 174 154 411 260 41 462 961 226 382 740 91 853 288 519 905 168 957 499 394 299 681 916 403 474 616 406 858 161 189 552 378 805 288 505 198 306 254 379 785 678 695 2 3 252 979 207 900 391 837 103 716 43 180 211 863 976 984 
803 93 687 294 28 633 815 547 123 596 493 329 650 800 209 25 755 311 317 682 274 650 324 66 874 793 436 697 88 325 727 667 295 135 723 359 720 390 623 200 967 416 846 256 558 466 778 111 666 721 904 211 382 686 347 93 567 798 833 881 598 576 572 977 552 559 237 699 842 207 858 197 48 430 710 836 962 256 118 228 179 265 511 505 506 866 662 705 555 20 131 4 765 284 986 848 934 105 355 701 
757 703 501 595 502 951 828 887 164 495 690 829 125 591 165 368 917 509 852 574 583 761 13 204 950 442 98 717 81 364 315 21 681 770 648 852 715 842 623 882 649 402 228 920 801 180 458 637 448 295 253 411 560 643 623 691 258 139 305 703 200 950 949 693 767 809 482 39 67 57 762 293 64 340 644 769 955 490 524 482 765 520 609 362 579 215 875 111 499 20 17 506 781 49 745 293 334 230 607 146 
171 610 254 895 588 105 313 189 861 127 727 242 336 770 254 100 727 745 954 123 524 116 415 825 351 563 950 150 999 389 417 679 940 888 901 490 699 811 60 152 481 838 382 353 713 140 879 144 403 700 793 796 759 482 863 434 984 267 109 482 384 152 198 754 404 792 679 321 499 9 285 826 991 837 118 406 575 668 857 583 188 432 78 772 911 85 298 503 818 654 84 874 220 940 126 933 933 584 474 450 
332 434 938 572 217 800 241 983 202 120 477 694 187 470 180 661 815 48 30 526 610 780 26 440 8 684 919 197 556 899 860 294 684 305 901 603 943 548 750 513 164 608 143 857 568 467 354 90 572 695 748 30 971 942 476 280 779 539 236 100 168 826 475 662 988 863 656 631 46 151 410 905 830 704 80 209 572 975 434 167 685 98 388 843 109 257 776 985 100 229 36 214 207 635 397 564 324 168 302 840 
702 821 562 775 174 817 127 875 57 547 825 605 483 544 441 85 951 798 130 866 512 397 698 320 489 787 573 636 545 196 61 733 818 417 521 79 109 380 290 815 223 83 450 494 913 966 273 258 992 121 78 601 448 551 353 12 478 632 523 959 465 666 915 460 329 943 136 710 538 476 881 846 277 95 28 580 271 675 377 920 137 734 574 954 28 816 36 694 958 489 53 597 789 973 758 473 766 618 247 75 
884 737 204 368 727 359 312 147 42 135 621 465 328 852 134 870 406 745 540 211 715 222 68 573 439 145 633 603 476 674 952 922 51 797 307 268 153 125 582 254 898 291 713 639 827 872 784 709 681 751 828 715 270 283 703 630 987 967 760 690 744 770 205 424 812 641 1000 228 265 354 542 783 877 533 37 339 981 697 972 576 893 494 826 860 107 780 395 102 505 470 858 962 949 839 795 35 476 977 36 28 
370 834 769 419 239 317 3 474 543 460 578 133 258 775 715 702 104 787 700 359 729 453 333 346 785 704 676 347 381 21 270 441 915 482 830 210 547 183 769 39 850 509 832 152 137 163 209 374 460 995 367 990 131 182 546 272 228 999 985 910 71 572 679 209 61 699 293 369 70 651 363 778 568 232 100 878 688 165 487 31 527 805 326 776 497 316 439 45 467 644 858 954 847 964 900 70 665 426 225 952 
58 613 354 402 171 990 226 232 535 134 376 340 587 375 534 92 959 889 611 812 394 873 394 144 252 854 419 83 953 551 815 256 291 73 407 540 842 15 870 237 846 564 518 99 286 255 801 810 450 7 660 820 603 102 882 379 260 75 626 181 659 807 306 754 599 605 452 845 131 765 451 649 879 243 501 407 823 107 368 601 906 991 912 574 313 791 939 804 765 54 833 972 832 540 890 326 35 27 966 473 
513 616 815 839 200 733 374 618 115 993 608 646 543 324 151 474 652 889 767 265 18 826 577 202 233 802 507 583 481 174 784 619 469 957 863 798 674 425 349 229 742 604 713 193 427 986 848 500 727 998 581 254 658 270 354 440 247 153 483 445 321 271 79 870 130 481 185 437 170 89 439 222 702 193 838 225 681 841 418 523 981 460 59 981 167 789 151 935 647 49 598 654 168 703 208 776 828 440 919 873 
151 951 524 38 193 826 856 217 369 385 428 183 624 842 624 229 605 916 686 671 524 295 449 964 773 258 874 974 900 390 997 67 906 171 564 833 218 25 359 272 608 698 908 506 740 935 443 799 662 860 435 280 220 882 281 561 346 554 798 129 865 945 689 746 836 339 569 221 368 667 390 589 174 425 164 517 986 729 853 359 771 922 680 767 787 651 663 276 274 358 7 122 306 160 105 165 976 164 451 361 
960 141 500 515 405 549 977 2 613 10 449 427 914 89 845 524 879 14 931 507 249 602 7 201 357 865 606 306 590 859 343 519 887 117 950 678 269 907 481 752 31 534 813 692 37 309 760 629 911 97 628 782 785 403 852 683 288 218 579 632 521 635 702 126 297 144 719 273 303 345 267 79 90 789 149 429 469 963 950 308 773 282 813 948 836 561 595 939 89 539 176 587 800 116 594 293 165 348 556 67 
294 737 495 297 756 643 51 669 133 225 203 970 867 705 865 567 651 906 69 650 288 5 488 969 80 570 51 341 608 38 387 527 753 60 856 107 504 538 350 843 155 867 166 768 548 15 560 744 287 9 250 742 335 320 122 91 782 8 80 555 581 795 604 786 638 172 251 273 600 922 895 52 998 676 599 642 592 644 693 595 887 558 815 182 340 184 398 744 779 676 477 48 377 291 601 588 455 212 870 636 
34 477 593 557 653 640 5 767 826 661 378 925 413 651 208 216 452 263 404 634 6 636 523 437 186 256 446 278 880 50 862 607 320 906 982 125 474 219 640 234 413 319 832 303 205 133 791 467 695 408 539 891 226 390 49 949 297 634 344 198 500 326 493 810 884 555 424 870 518 209 634 913 136 158 265 16 321 551 63 760 368 60 235 824 644 89 197 868 87 456 118 813 507 518 822 75 241 688 601 601 
9 861 522 166 130 556 44 892 6 784 881 3 136 780 172 319 389 898 77 312 539 536 707 289 682 298 274 335 384 671 683 630 102 991 414 286 517 605 194 490 388 368 674 461 947 689 424 718 784 972 797 654 278 784 567 341 393 613 63 340 262 447 38 648 201 840 747 94 92 603 244 152 47 4 797 865 914 0 652 552 373 447 183 470 331 976 636 728 318 168 486 533 76 946 145 644 736 409 853 551 
273 698 341 929 725 390 815 955 612 87 471 991 428 290 177 168 981 171 561 376 58 927 180 650 81 795 17 293 305 288 527 714 842 602 799 596 916 337 661 607 494 792 675 565 96 447 44 252 123 962 433 738 749 813 695 50 760 871 589 827 635 634 16 391 980 878 345 99 96 273 126 681 449 249 994 767 959 780 345 196 441 806 852 295 248 565 189 789 296 93 679 263 756 539 707 940 857 403 864 909 
658 381 175 542 639 425 511 231 291 104 561 916 809 39 364 426 492 370 952 748 190 261 968 831 10 846 561 205 652 989 125 711 315 677 310 688 237 557 623 570 702 111 599 643 484 749 248 944 439 141 725 377 624 765 201 83 887 437 289 249 799 811 541 357 570 302 789 344 908 202 550 647 472 442 206 456 508 368 631 244 350 642 140 420 235 129 934 381 331 124 67 460 271 122 971 980 90 853 192 172 
998 201 815 334 568 600 240 238 34 304 539 418 679 445 752 463 197 210 484 770 540 973 422 771 845 748 568 798 303 46 876 203 317 942 810 62 603 360 706 292 321 42 516 248 521 785 313 71 693 340 411 406 527 439 784 457 22 167 157 715 94 770 234 688 39 161 963 373 782 277 99 474 143 19 596 815 692 101 270 904 58 436 999 652 226 294 381 417 924 431 550 818 72 380 745 983 96 176 471 585 
496 169 891 404 566 71 909 457 942 360 817 171 501 158 562 555 59 102 988 742 523 685 734 736 713 985 173 217 146 939 165 923 522 252 343 313 386 146 348 264 290 593 473 920 417 638 76 969 494 329 810 401 921 693 785 841 61 113 569 983 24 642 935 775 300 617 962 439 396 305 493 277 336 651 524 250 139 195 101 657 801 411 212 979 19 627 321 783 602 579 778 634 743 332 203 262 573 900 97 386 
915 786 340 502 680 137 71 456 465 947 779 626 924 299 385 810 372 109 23 445 179 972 90 248 13 761 823 810 725 463 303 832 815 518 676 621 712 868 23 911 486 265 137 178 631 283 318 741 651 371 929 222 168 234 606 738 413 982 692 315 919 416 729 514 238 191 848 385 515 31 229 878 990 773 55 539 63 113 696 916 474 300 535 807 907 970 544 704 52 951 96 662 654 778 898 29 305 989 773 908 
388 662 913 490 24 913 536 560 75 517 501 238 20 569 370 272 610 763 585 512 277 344 14 697 739 911 377 201 735 71 181 962 924 963 33 313 113 612 66 604 938 811 878 619 618 964 238 356 165 212 638 259 401 649 358 339 512 593 984 463 884 59 621 175 12 169 446 608 158 621 215 637 311 286 747 1000 469 104 693 236 558 287 425 277 655 428 788 163 255 875 971 649 217 811 844 905 122 467 823 153 
797 417 945 320 501 293 848 888 19 583 810 110 103 287 464 571 129 433 850 764 380 603 669 161 738 104 471 967 220 475 497 59 982 403 908 359 610 531 616 15 692 665 858 722 469 419 300 897 972 365 460 623 946 775 395 903 851 173 555 23 202 411 180 170 362 486 944 151 963 106 711 356 960 482 903 680 371 485 973 838 797 506 699 93 575 350 156 678 390 879 146 706 620 448 729 948 475 895 870 404 
252 744 404 695 491 228 265 628 513 339 218 822 849 267 211 117 904 501 774 238 604 598 952 728 573 217 286 172 195 336 839 721 670 436 430 734 592 489 481 638 733 454 648 974 378 360 732 922 383 160 650 135 150 492 301 94 788 601 15 869 408 647 136 129 648 378 288 737 592 781 24 771 575 522 581 242 866 189 763 602 414 887 313 750 620 532 764 942 38 821 423 693 343 279 283 501 101 999 278 71 
59 648 137 846 50 199 507 654 240 927 329 715 498 903 811 935 596 315 797 5 566 950 658 18 495 262 747 856 742 671 783 244 891 331 896 190 229 573 220 239 985 45 277 971 413 230 177 861 986 540 483 475 885 846 816 531 100 50 6 68 914 497 689 950 141 431 320 390 403 52 627 152 362 560 685 805 527 598 64 635 245 521 460 862 837 601 206 813 745 150 488 946 94 756 320 493 811 712 946 916 
790 614 239 472 789 235 645 404 585 870 325 786 364 838 486 388 113 809 251 473 609 568 471 753 432 591 841 177 282 677 829 680 722 113 901 285 588 339 705 667 222 342 637 412 511 462 876 297 115 228 608 475 785 977 360 115 301 881 331 824 453 11 614 123 367 466 378 997 663 828 208 394 106 576 918 388 472 841 789 909 34 884 37 764 469 110 438 112 929 191 196 977 315 151 440 233 107 801 106 501 
923 650 666 433 580 715 370 820 898 483 217 857 967 585 318 691 235 304 792 583 287 813 357 300 623 96 816 625 151 991 95 425 747 260 936 460 719 587 737 533 775 819 583 696 249 675 463 5 411 107 493 254 162 986 386 525 963 440 29 539 600 524 110 564 920 815 458 464 247 112 439 938 605 398 600 216 375 270 187 500 456 686 683 162 256 801 871 379 405 973 65 124 244 750 860 360 543 747 882 517 
18 284 124 52 87 204 49 47 748 534 816 603 335 173 660 44 70 541 54 215 658 449 106 554 173 950 913 857 680 315 519 899 56 345 897 165 419 852 874 119 533 17 566 409 706 644 285 363 900 820 577 395 129 992 159 326 938 760 293 170 796 905 540 687 55 925 816 40 907 35 680 650 228 547 128 785 860 901 144 952 132 291 422 476 537 308 987 912 412 915 715 319 363 955 335 854 740 504 979 901 
254 169 154 326 534 876 993 392 574 398 973 133 270 849 547 522 884 273 681 253 682 346 981 930 702 769 632 250 48 504 305 224 82 617 697 521 890 440 917 82 485 488 750 896 323 272 914 401 898 374 77 276 16 629 778 372 696 430 437 894 488 831 389 897 714 941 748 38 587 235 559 330 344 5 578 753 351 679 794 926 437 765 240 574 354 353 731 233 620 488 905 753 969 435 32 193 291 101 657 600 
308 596 703 938 775 748 62 998 365 184 563 103 658 616 485 995 769 856 688 54 715 270 279 427 960 887 404 1 153 821 729 8 488 366 136 326 185 62 640 196 716 403 504 445 324 310 875 375 957 885 105 9 252 911 813 405 959 797 431 321 661 315 243 741 188 867 540 549 536 142 243 943 50 607 343 63 484 738 475 142 976 828 925 631 453 342 861 487 583 918 26 29 937 922 220 238 473 461 252 662 
17 200 838 834 42 111 747 814 195 829 876 298 923 402 344 522 247 365 226 656 919 869 457 957 153 807 944 591 834 183 343 987 545 700 659 294 488 611 865 579 192 411 454 761 72 174 779 283 433 399 309 498 509 638 126 971 858 634 373 729 935 154 914 773 65 710 439 310 962 410 908 207 758 897 567 221 327 381 846 508 278 271 802 884 462 217 654 824 700 557 521 811 346 131 475 119 927 14 851 595 
8 134 473 466 400 589 788 659 222 735 235 485 13 713 991 827 128 893 228 398 146 350 695 101 104 65 380 341 401 624 856 130 676 168 285 730 143 120 405 904 658 668 639 504 957 428 870 490 897 750 172 842 709 712 407 999 582 452 643 621 988 682 389 57 654 906 443 829 895 32 702 870 291 976 416 470 818 881 697 280 73 652 19 98 779 463 166 60 440 391 280 844 517 131 905 258 722 971 436 622 
998 595 937 9 521 445 825 958 255 861 371 42 537 101 199 332 34 133 854 211 732 960 3 203 784 95 998 834 227 366 967 690 372 337 741 531 940 876 251 83 543 491 915 53 127 965 734 332 703 718 490 569 478 8 451 154 964 901 297 555 700 952 910 572 82 146 349 819 980 352 11 358 793 125 494 593 398 585 951 794 779 456 265 347 509 633 626 780 964 165 334 358 348 716 794 466 531 31 303 95 
485 69 204 671 324 983 364 916 27 965 36 214 176 281 360 983 866 510 594 946 183 540 587 714 178 768 70 735 972 234 778 440 314 70 323 186 460 72 13 519 625 922 10 634 774 376 369 951 20 809 735 435 629 464 26 410 686 59 988 136 258 845 429 874 588 706 266 132 355 263 634 648 528 81 376 66 866 679 237 619 566 925 468 268 875 604 95 339 365 932 99 45 653 75 729 232 991 845 52 693 
289 605 33 24 943 423 591 690 314 731 344 195 983 942 90 710 219 48 744 314 616 247 31 427 278 979 262 962 630 708 118 451 344 992 401 724 952 547 119 855 587 892 869 704 466 821 137 516 310 795 544 221 336 226 367 10 658 852 199 354 635 221 673 319 919 252 113 931 729 441 416 368 943 878 563 14 9 559 951 361 31 739 514 950 581 352 400 162 226 818 202 621 941 737 41 809 724 348 633 176 
232 272 354 580 318 647 732 86 37 924 445 204 941 10 526 308 215 854 484 0 989 8 535 861 792 426 59 844 272 581 488 90 89 171 18 621 654 603 861 794 361 732 515 833 414 573 904 229 164 565 541 2 842 38 937 164 469 194 9 384 491 598 525 849 54 639 727 209 785 984 859 182 833 565 304 269 93 155 558 571 493 633 24 670 299 801 747 708 429 420 927 4 802 927 256 866 479 577 664 6 
903 954 594 210 934 760 611 290 350 651 669 483 20 748 687 968 902 357 222 681 909 457 808 109 730 240 687 499 789 771 395 841 236 566 782 465 46 197 120 774 552 487 6 528 633 122 787 0 949 952 714 598 129 694 943 782 969 687 13 894 748 90 572 535 566 175 677 467 285 148 925 983 422 253 743 539 293 337 974 750 208 985 703 839 218 77 559 318 150 345 44 908 97 136 849 713 664 912 739 685 
167 172 473 89 946 832 820 953 920 480 655 811 970 632 250 433 813 553 389 220 432 744 329 275 95 151 816 796 32 912 425 289 140 499 192 898 551 755 894 691 191 37 996 764 42 326 307 891 575 290 411 463 616 778 458 120 762 836 131 374 913 743 37 349 217 678 59 137 487 454 667 659 165 300 267 408 102 565 789 343 902 936 134 53 745 40 395 33 914 510 348 528 895 714 214 744 676 805 548 143 
623 657 890 771 596 349 705 714 626 509 735 481 305 454 655 924 15 670 669 799 773 827 876 65 431 564 688 223 505 487 910 881 948 691 915 608 48 960 424 308 159 880 314 459 102 44 408 307 469 43 653 886 476 63 398 690 445 342 755 251 443 143 913 462 268 29 830 679 255 532 30 382 896 566 298 739 355 17 331 677 853 51 825 423 305 398 504 794 660 576 747 855 384 888 80 686 425 754 576 662 
431 852 758 35 895 925 296 784 540 600 327 121 927 341 26 994 594 890 430 260 701 680 548 347 616 957 108 819 83 146 724 625 146 40 835 233 721 889 836 426 193 776 439 121 210 984 681 808 175 51 527 111 213 770 180 685 959 139 496 874 4 538 434 636 569 425 436 295 451 64 310 717 91 355 269 935 884 497 676 960 368 590 469 146 357 365 318 493 78 228 304 464 827 297 690 503 281 450 898 658 
538 876 10 817 541 139 84 140 357 598 512 9 892 937 267 767 184 945 525 804 759 309 69 521 596 916 564 979 758 163 418 38 344 952 602 37 606 639 631 819 667 581 743 238 876 141 613 964 668 976 388 701 765 927 928 360 85 83 554 680 343 7 366 115 21 62 531 296 440 647 59 203 856 581 490 223 751 123 868 600 226 584 746 903 3 632 791 985 102 119 592 542 285 383 595 191 601 491 709 199 
15 71 469 174 548 443 905 451 212 666 763 176 994 471 750 69 640 327 55 809 955 373 637 168 635 502 508 43 481 221 418 39 996 392 383 971 645 880 514 394 134 614 164 624 289 911 654 242 467 383 931 895 872 619 344 691 926 464 333 603 676 427 655 623 594 516 98 267 769 492 194 1000 22 365 876 957 190 433 175 135 411 968 121 951 465 40 32 12 974 72 89 711 212 362 73 258 41 63 379 119 
804 110 734 164 394 275 926 524 65 316 660 243 465 688 339 338 291 704 966 967 307 438 357 180 816 504 843 394 478 94 516 976 77 283 810 763 892 334 553 858 724 820 682 463 286 793 625 903 71 264 666 475 195 990 161 262 26 12 52 50 836 194 281 643 391 726 632 626 78 801 537 987 862 968 264 286 181 958 987 854 448 667 622 596 17 987 191 182 627 319 233 519 423 845 293 820 767 88 967 135 
748 288 437 160 864 26 128 73 494 470 236 469 257 352 113 600 545 149 38 307 147 928 386 877 506 777 697 887 27 981 944 795 305 907 58 824 983 823 803 825 81 567 510 655 419 433 588 649 71 15 456 408 539 806 578 547 367 928 836 513 791 122 834 889 973 862 46 101 317 985 241 611 244 847 913 536 127 285 254 155 739 993 730 912 937 342 540 498 781 156 357 497 218 879 330 343 432 690 863 335 
545 311 633 576 476 802 384 905 551 202 789 929 991 887 556 98 665 890 710 603 721 325 813 332 847 62 381 26 85 763 722 775 777 783 292 409 257 602 374 717 171 212 370 589 99 217 330 116 855 539 685 529 248 600 891 992 777 656 398 106 104 636 10 860 967 693 136 528 205 505 204 542 647 621 233 565 593 194 517 947 803 748 875 570 433 675 505 139 625 130 485 834 629 779 518 310 511 571 296 16 
872 837 199 814 157 994 215 763 753 820 158 990 209 863 529 777 665 338 63 532 274 952 884 167 366 583 463 147 236 606 936 197 125 400 826 106 465 298 155 989 936 602 662 618 707 584 183 589 938 47 220 468 335 307 744 875 630 864 315 937 605 647 813 907 924 384 55 222 353 737 689 885 409 457 207 292 495 702 836 985 784 655 158 572 60 114 567 258 399 770 800 720 400 976 161 948 183 407 931 557 
809 457 502 828 783 453 134 3 160 655 118 615 600 509 695 835 194 317 358 443 724 174 470 142 979 800 675 328 267 927 579 418 116 511 233 422 627 363 176 621 741 304 752 212 999 839 989 152 953 612 726 861 968 731 55 976 889 7 866 48 910 697 349 652 718 690 962 653 52 994 405 50 808 620 815 756 609 575 494 212 322 58 939 631 477 42 839 422 110 837 779 344 800 401 657 515 402 575 534 334 
63 211 136 414 319 838 604 532 142 165 194 104 740 91 353 117 393 520 64 399 336 515 707 707 549 647 602 371 614 695 938 637 691 115 36 993 273 157 704 792 887 112 967 935 836 187 256 418 526 669 603 881 50 948 632 801 231 899 464 73 180 15 606 904 591 134 508 247 892 618 336 902 706 175 114 830 615 220 570 864 317 387 358 657 816 710 498 663 322 456 537 286 849 190 242 856 203 80 62 624 
216 738 992 872 531 346 944 714 243 659 989 103 886 777 845 38 845 679 574 244 856 139 954 433 125 522 328 408 74 695 762 223 567 229 919 989 19 522 458 55 706 434 466 33 209 154 933 15 893 876 281 75 373 819 165 114 597 838 164 36 841 892 86 41 540 923 660 987 670 545 64 558 503 44 787 223 486 277 213 587 925 754 849 903 154 35 706 604 501 381 125 801 374 426 857 231 540 963 107 449 
986 972 527 16 519 141 850 442 938 899 716 866 257 83 55 322 820 785 323 926 876 912 899 634 15 498 628 284 637 670 474 503 500 166 718 488 465 660 677 919 839 961 535 156 50 876 187 87 519 942 495 322 769 698 731 193 164 232 169 421 948 829 598 731 462 90 106 368 677 37 976 727 855 773 81 46 576 324 763 530 433 598 706 168 314 528 610 419 960 658 330 655 623 601 15 280 563 836 8 709 
787 855 419 327 64 814 482 936 602 953 389 983 1000 751 668 115 285 597 143 56 244 747 890 907 609 852 181 175 978 110 792 352 618 338 154 795 924 130 75 38 150 508 148 618 757 667 584 967 922 888 389 702 89 955 891 779 313 120 236 27 882 126 447 315 448 769 631 911 276 749 302 788 881 749 55 876 673 697 1 418 519 486 253 179 629 483 418 413 443 346 909 998 741 974 399 948 529 954 403 968 
463 346 672 398 845 845 759 293 786 914 440 288 735 833 53 585 580 28 774 422 730 120 719 804 993 754 855 747 349 452 987 9 838 102 824 797 900 271 610 808 422 29 569 909 28 327 94 774 869 576 68 480 203 550 625 67 224 109 198 218 858 988 938 175 32 860 431 458 950 678 735 851 203 683 834 610 813 509 935 772 362 423 94 438 976 2 650 398 120 245 223 729 190 43 571 629 315 469 239 430 
286 376 87 169 26 50 678 638 77 38 390 749 435 777 798 551 15 325 484 687 344 647 657 963 419 269 248 672 449 99 121 491 803 679 812 387 542 762 683 464 592 795 470 225 378 324 883 576 293 760 424 972 445 642 540 647 934 462 275 210 47 876 852 353 679 847 436 13 591 577 432 649 333 969 730 261 565 178 939 273 662 468 964 32 246 973 763 107 912 766 62 852 782 378 685 864 610 636 765 796 
205 975 951 573 185 759 289 600 364 629 720 266 653 848 906 781 150 37 640 739 648 992 968 52 542 108 294 94 344 839 529 669 724 130 499 196 270 674 58 362 307 160 583 683 446 250 652 285 54 490 572 726 42 662 535 21 48 737 404 521 647 417 695 885 58 859 595 939 192 332 874 578 722 50 195 349 781 311 815 952 948 525 50 1000 329 558 919 360 112 396 895 896 963 646 486 937 816 227 95 482 
270 594 518 261 901 384 771 211 745 915 11 767 844 542 498 424 955 554 780 434 171 109 895 744 833 570 666 639 473 599 856 2 831 241 957 654 913 289 700 280 761 48 455 286 612 423 626 437 726 125 701 728 690 952 400 168 976 193 309 556 111 615 951 689 862 113 844 320 559 636 148 766 427 559 786 520 608 917 33 789 686 275 335 202 132 575 608 466 194 325 987 532 268 312 504 387 88 97 204 552 
328 394 159 4 450 123 540 704 506 254 823 175 510 153 908 162 860 596 427 224 105 474 476 405 91 366 852 563 862 501 372 646 541 767 2 341 895 803 56 537 103 645 456 206 686 638 388 33 752 173 459 599 7 372 165 704 257 206 448 696 262 727 309 587 414 797 479 618 92 518 458 297 352 81 51 823 507 548 465 647 491 253 107 707 827 58 277 154 219 800 786 470 932 956 858 963 222 343 803 121 
449 476 553 240 852 528 274 500 612 850 533 696 763 693 401 696 690 744 947 102 883 111 313 184 350 22 84 906 334 673 503 681 926 978 27 223 369 628 694 884 426 674 212 284 981 594 411 280 715 462 528 522 240 346 390 33 397 51 537 255 342 828 615 660 88 633 487 531 892 879 263 201 921 360 946 249 980 419 959 930 40 580 219 522 847 539 386 645 495 381 12 967 62 522 4 782 402 792 834 22 
982 765 604 664 602 128 321 594 5 209 953 243 932 360 41 69 389 472 790 409 258 213 124 156 21 891 153 368 594 183 125 732 552 510 69 643 840 569 698 515 276 4 858 71 15 353 682 676 223 194 950 332 298 448 371 311 917 7 600 181 945 826 832 19 690 942 397 458 362 334 795 952 783 249 249 738 200 263 95 603 325 345 681 195 136 406 670 93 947 190 88 696 652 220 585 46 706 119 444 619 
288 100 536 207 39 97 515 435 577 597 1 784 626 375 396 80 423 512 139 62 315 443 832 741 583 397 51 945 834 834 204 986 98 929 877 434 222 1000 404 279 461 671 9 637 664 44 51 677 549 902 761 145 9 612 184 43 860 609 8 528 440 456 416 252 522 56 998 999 616 278 684 541 315 322 480 701 109 690 902 977 480 812 990 272 153 481 805 179 220 1 719 810 383 111 971 476 795 62 583 439 
972 172 97 997 952 853 211 247 111 799 524 40 834 469 37 377 396 276 541 604 727 1000 400 443 545 219 560 454 391 471 904 975 312 896 716 542 398 864 627 88 422 979 261 105 687 10 882 966 853 579 382 98 807 336 271 228 698 886 375 914 642 854 4 285 812 189 28 438 624 231 720 379 199 632 800 791 152 33 414 741 917 796 930 165 937 747 425 133 610 720 274 432 736 343 368 794 53 972 797 212 
863 400 516 396 957 36 36 305 2 899 831 728 829 712 41 39 719 63 46 313 808 624 353 926 814 941 76 624 866 145 633 16 510 131 505 135 761 831 596 711 923 703 39 667 93 156 331 762 542 541 811 22 408 115 779 448 793 717 730 988 82 227 743 829 279 886 129 191 217 20 995 343 37 196 381 949 818 221 973 37 29 30 994 709 825 867 277 124 289 704 146 169 711 632 204 500 568 99 963 138 
831 803 790 517 649 436 344 704 292 365 169 832 49 934 659 661 354 356 189 935 711 677 994 530 109 451 815 535 345 355 22 347 901 436 739 652 915 986 883 277 542 881 998 159 855 18 461 762 953 343 393 724 809 637 935 456 742 394 340 186 783 697 98 110 222 845 904 688 332 671 570 30 336 90 574 619 990 734 388 132 670 615 572 699 891 492 387 946 838 925 511 176 590 363 785 332 737 861 2 506 
731 511 879 550 118 937 536 214 403 823 314 760 382 809 826 171 857 348 867 93 407 275 15 669 160 696 898 745 337 491 335 316 612 135 352 423 267 732 215 905 535 158 42 984 420 347 107 325 522 392 949 960 478 380 529 227 166 275 979 138 667 781 31 886 505 844 604 548 112 409 765 748 289 750 730 844 213 390 115 561 113 941 938 993 960 850 474 749 119 51 683 303 115 691 53 288 867 252 544 736 
108 15 217 179 729 940 741 462 43 654 912 453 468 390 167 995 593 236 568 270 372 915 73 70 329 559 475 972 427 942 257 914 505 653 114 686 473 962 662 475 130 164 326 945 503 838 163 51 677 100 754 10 448 608 551 204 354 570 196 995 624 1 412 469 173 159 177 644 531 296 879 989 726 364 637 654 251 407 96 144 624 986 403 598 937 97 248 167 895 9 679 296 164 648 452 718 840 123 36 51 
612 254 903 871 845 743 62 165 864 409 580 842 813 867 689 860 38 228 786 338 35 571 757 244 425 423 241 804 905 811 144 189 232 364 173 75 925 16 717 886 695 944 520 670 920 796 470 110 525 34 844 951 609 645 911 291 782 13 543 875 414 499 151 614 346 802 437 142 883 895 446 384 495 286 717 574 905 154 913 591 233 692 62 813 679 791 657 674 711 929 695 277 21 230 477 1000 167 60 31 861 
739 64 204 475 499 750 811 406 803 762 946 539 398 859 786 341 77 952 871 477 784 135 174 399 781 714 638 671 718 897 375 916 653 687 158 158 149 7 331 706 114 950 475 0 2 314 965 44 502 765 515 992 759 879 465 922 22 857 409 414 790 386 861 187 919 375 714 48 312 668 177 255 806 52 400 886 57 758 529 75 649 158 139 1000 253 215 772 617 656 148 75 778 319 369 899 979 609 146 748 239 
955 889 248 679 275 649 746 921 727 295 632 27 962 356 459 788 538 157 216 247 919 698 631 785 789 935 777 930 165 564 429 502 233 867 825 712 344 212 123 719 896 445 615 448 517 320 333 522 447 102 518 751 328 576 866 144 336 946 731 759 945 49 106 70 395 486 889 137 152 658 769 950 390 133 610 86 512 575 942 185 19 481 276 438 946 504 47 589 412 123 963 266 385 939 206 186 332 837 234 596 
785 689 553 939 918 572 749 221 382 252 613 548 380 302 97 449 381 374 431 178 644 102 442 833 871 822 646 623 283 336 588 920 641 300 691 625 730 741 639 728 994 634 12 870 63 853 869 560 600 359 596 870 401 976 560 596 982 50 466 329 514 429 117 371 636 995 919 509 354 886 474 693 574 98 486 747 294 497 803 483 27 917 628 771 995 980 234 726 685 481 978 896 239 185 687 602 804 706 266 15 
81 90 766 831 43 878 724 556 866 493 510 65 137 526 463 467 17 241 981 76 326 164 969 915 849 86 702 732 150 40 977 874 113 388 546 512 952 169 704 875 752 125 887 408 732 511 701 926 594 402 172 517 750 376 592 424 179 851 956 950 12 513 822 883 791 205 921 967 435 407 654 450 734 136 456 606 869 543 815 820 308 637 701 143 206 27 294 467 77 913 289 49 296 984 805 827 663 600 425 453 
900 383 814 303 316 313 107 724 930 279 158 572 809 353 831 77 618 127 686 118 922 575 588 309 12 905 319 848 188 628 524 53 737 664 730 756 179 749 162 320 525 23 193 661 365 357 111 536 985 758 529 807 821 763 757 299 195 124 392 661 428 322 201 157 759 986 791 350 517 46 526 368 86 740 358 206 651 12 291 340 340 46 322 314 689 450 295 439 861 442 417 58 524 331 910 537 173 562 213 272 
464 270 57 473 681 402 494 46 694 577 170 392 258 103 540 351 961 698 346 207 586 70 237 319 271 678 327 281 866 386 485 587 842 225 649 128 649 243 834 191 830 653 360 135 122 901 681 177 849 466 893 596 104 301 538 800 338 191 638 537 988 629 42 648 710 975 380 349 20 870 130 34 839 944 19 180 538 599 110 778 115 686 349 745 195 1 861 619 68 364 132 291 676 70 372 357 129 221 195 84 
761 974 380 618 753 922 41 567 753 529 826 270 216 824 698 963 493 185 747 287 370 378 820 960 981 93 748 421 81 790 819 635 914 840 332 968 747 735 123 264 359 650 87 981 285 224 706 979 718 663 109 227 568 655 130 698 923 749 223 225 267 99 393 654 232 190 441 161 20 266 871 957 364 942 848 526 539 930 828 776 430 510 172 558 1000 913 437 513 723 851 669 748 179 793 242 407 398 862 971 188 
436 43 958 246 521 912 143 513 965 180 964 519 167 894 785 323 244 10 994 51 48 818 162 402 480 42 716 927 427 210 478 18 232 358 707 114 538 64 247 661 758 391 228 956 716 344 704 663 684 689 166 297 193 952 127 970 979 765 488 779 487 647 878 225 48 753 139 1 714 586 550 731 176 433 771 92 14 214 811 479 314 963 724 325 79 246 37 0 213 883 248 884 291 826 453 266 118 620 72 837 
751 987 235 145 764 475 167 160 691 190 553 285 382 25 771 619 380 173 926 519 442 178 802 407 129 17 131 555 148 722 689 88 683 575 794 397 497 184 44 824 63 824 331 51 938 652 413 819 302 575 968 998 664 322 62 639 202 369 867 713 123 323 164 649 217 498 201 293 839 899 988 144 538 588 322 496 83 518 813 81 795 601 88 200 75 903 748 773 891 82 356 644 615 303 425 676 188 668 471 571 
599 246 471 120 26 709 253 35 688 819 649 824 395 111 918 223 120 658 999 590 628 463 328 217 112 677 433 127 727 282 409 849 659 298 858 130 665 744 635 850 638 990 694 669 605 143 612 70 746 970 471 875 892 820 737 880 733 281 49 19 523 824 721 124 795 326 233 365 28 636 129 827 82 937 207 740 1000 592 246 398 292 61 387 109 255 941 163 374 6 154 488 291 275 84 557 859 70 258 338 494 
553 263 781 306 604 483 800 417 713 406 349 272 972 322 646 283 641 746 300 96 710 392 283 352 0 496 895 550 282 425 544 854 423 618 743 746 876 464 97 159 236 535 242 934 418 934 201 400 923 778 344 824 717 891 182 557 921 701 999 448 369 714 430 927 45 694 253 207 999 376 131 607 824 53 50 481 849 749 151 390 685 204 777 904 601 322 31 294 179 858 332 970 168 510 508 789 488 99 348 500 
927 716 270 73 53 633 696 402 638 139 704 101 976 246 459 585 127 232 527 83 445 399 363 679 145 636 263 375 464 815 726 467 301 700 534 489 442 854 820 355 38 89 917 580 337 515 726 81 83 614 951 974 810 582 706 922 75 873 379 126 57 89 967 468 212 567 847 0 669 404 598 567 464 926 206 842 458 907 296 232 483 78 912 239 525 538 876 717 495 635 598 673 846 536 456 802 363 788 172 693 
505 518 218 250 796 319 57 788 936 799 176 545 83 715 722 815 805 708 506 416 167 484 95 91 436 484 27 851 313 190 519 115 185 529 952 170 198 715 506 974 9 920 719 482 181 8 276 351 786 346 553 485 77 363 489 338 651 294 667 361 66 578 397 124 253 774 450 247 132 314 799 550 116 49 227 854 630 513 381 782 98 175 479 376 347 338 105 363 949 233 290 287 882 849 145 957 629 171 803 107 
860 276 807 315 299 976 292 169 14 339 597 755 632 928 901 469 622 718 93 839 542 531 840 978 831 83 904 866 657 500 447 779 583 670 994 192 90 836 485 849 378 172 145 424 82 726 60 743 584 882 46 739 578 187 113 294 843 841 957 1 876 696 169 156 974 13 653 842 539 964 558 759 999 626 526 450 838 388 446 579 341 662 396 227 660 22 346 685 242 914 447 606 118 441 542 781 567 338 325 951 
809 642 619 102 541 636 92 396 599 63 978 348 365 934 1 385 846 786 590 184 698 99 67 591 187 183 483 271 843 426 197 867 773 699 532 148 752 262 308 99 968 96 185 732 63 188 293 234 666 159 517 65 153 874 221 889 263 462 182 890 125 62 605 311 524 871 334 524 524 375 999 408 674 233 584 946 588 418 275 295 34 154 800 878 829 311 9 223 337 192 5 181 537 182 221 877 414 585 880 230 
561 354 124 974 122 569 73 439 32 479 561 792 829 374 962 269 948 167 633 471 429 265 775 270 624 140 778 549 697 583 327 560 320 781 900 634 564 221 474 121 351 925 24 200 646 704 769 277 656 233 305 560 461 43 970 916 493 137 786 1000 19 190 486 303 227 957 448 899 815 767 464 254 959 261 487 292 471 15 713 824 299 904 723 766 281 922 60 94 23 132 675 784 323 751 219 907 26 420 414 250 
863 320 277 882 242 224 147 696 110 436 484 758 5 461 641 26 346 115 704 973 650 216 373 829 592 328 24 758 974 616 402 354 428 406 995 171 863 240 948 2 895 548 377 83 743 957 76 883 736 474 996 187 841 822 715 6 279 973 47 915 695 201 900 117 587 96 233 400 578 680 46 680 788 99 803 542 221 454 833 979 652 286 768 585 506 180 932 320 693 696 603 688 151 858 40 724 292 632 675 186 
169 900 376 702 261 32 531 657 807 808 581 194 113 987 496 300 555 147 917 25 865 259 94 752 778 223 661 626 172 392 270 739 455 265 765 140 408 463 506 61 973 283 686 549 994 79 585 236 419 18 652 590 676 384 808 137 749 936 476 608 302 777 40 574 298 158 496 995 634 942 734 40 694 80 143 861 525 237 773 249 798 992 156 218 284 14 98 243 751 358 185 730 440 321 496 462 950 975 850 601 
479 285 349 35 837 238 590 312 234 714 159 225 779 156 117 857 145 196 75 186 471 55 648 70 271 619 401 995 571 226 686 408 192 349 998 647 887 999 314 505 862 82 394 224 595 875 721 270 309 98 206 185 284 391 216 328 650 133 612 910 421 713 292 499 366 307 918 823 526 678 418 865 542 281 204 806 98 972 485 644 627 300 150 770 21 293 838 959 513 606 513 629 224 355 455 760 247 543 826 331 
335 72 568 542 408 152 37 992 582 241 651 63 703 835 796 736 821 519 955 117 327 805 635 203 623 636 623 456 750 199 195 314 90 863 724 435 725 203 337 229 668 475 601 842 68 940 75 837 580 857 264 200 961 861 920 541 801 722 541 124 12 192 439 764 810 660 76 231 281 471 813 759 951 563 958 706 396 73 163 967 101 335 39 864 270 802 653 783 779 477 231 885 363 77 265 357 83 897 491 613 
858 295 597 100 36 351 555 822 582 659 260 501 257 858 670 226 769 475 675 646 377 722 9 360 217 257 939 54 430 540 229 959 45 536 819 652 943 329 1000 127 712 750 933 341 226 170 30 643 219 4 688 446 276 861 961 383 456 527 285 815 727 257 741 5 691 89 386 68 419 948 727 983 459 615 934 356 12 284 690 537 809 692 187 170 618 822 979 644 937 517 996 239 727 938 108 792 415 421 78 223 
724 338 865 510 162 625 287 142 525 365 208 934 677 615 345 603 884 758 567 207 903 951 473 597 626 403 706 898 927 790 150 399 273 168 770 195 646 155 818 614 631 987 960 861 862 300 372 441 641 993 18 325 66 413 729 456 493 962 385 326 114 930 890 193 670 167 607 469 667 333 145 790 679 712 755 436 908 928 638 3 801 551 479 281 928 145 962 361 553 902 584 10 798 96 261 111 770 507 339 730 
160 911 402 973 409 121 578 762 705 108 114 736 361 774 736 882 36 420 477 616 327 148 853 716 900 639 573 904 978 761 130 202 410 796 650 330 56 794 698 776 349 394 39 680 415 385 547 249 306 187 567 641 813 667 594 853 663 906 625 174 208 903 4 503 493 731 946 735 364 664 462 823 280 917 366 705 772 163 568 415 233 567 700 665 360 279 619 331 55 857 255 147 176 453 641 8 692 510 347 457 
251 234 327 127 893 287 279 255 171 218 917 139 879 226 993 83 96 769 608 190 895 30 314 279 959 839 294 31 381 860 137 174 362 316 727 301 376 869 861 583 745 30 362 504 364 545 736 529 806 79 837 638 688 772 52 417 441 685 520 182 924 294 732 107 365 551 285 390 339 471 9 286 68 475 978 363 831 179 357 551 283 292 53 382 13 556 423 975 88 517 34 593 535 250 161 935 947 270 870 223 
354 506 329 820 798 432 575 162 196 248 226 618 761 566 506 691 810 754 433 465 977 857 143 195 496 769 215 551 156 820 538 96 363 780 409 866 870 931 360 969 796 641 882 61 812 291 246 852 990 594 634 645 975 769 659 453 19 847 842 702 464 168 536 354 300 381 219 550 484 249 989 38 486 440 390 109 488 523 843 629 316 219 61 372 448 585 745 585 892 222 67 840 615 751 783 111 916 207 360 813 
575 483 481 656 852 665 23 734 791 792 463 405 694 667 786 869 816 618 647 52 989 542 312 315 564 932 781 874 43 748 857 839 676 317 356 115 123 378 256 249 706 144 592 115 787 648 829 396 286 966 678 12 156 405 701 272 90 172 597 176 237 201 597 30 881 438 503 932 328 255 499 747 40 676 54 294 332 441 832 929 939 831 569 918 294 229 541 290 453 588 132 175 289 345 357 667 586 230 591 672 
